15183863497
13059777478
18281049694
18473814926
13943404937
13419277450
15181001614
18383800548
18483610231
13402837430
15973815854
13473037231
18774459173
18482180357
13458635651
13282062264
13463053114
18281011394
18781944421
18227106546
15892463405
15338447266
18787090326
15982436603
15983846497
17013274847
13904245344
18482373997
18281042427
17177372454
13059774060
15282853914
13473042874
15175431220
18775612327
13658160334
15183876947
18482368753
13473027412
13261554827
18711827354
13438127264
15114302904
13438866097
18482312723
18308414407
18782062575
15283802194
13105847769
15731341365
13438035903
13116842524
13419288316
13473041826
18782143598
13175727421
13458602469
17127206527
14791081324
13463084755
15731340334
18482148904
13059747604
13550628794
15873866443
18482307823
18482306801
18787077538
15979474702
15143550749
18773872854
13438921064
15881470864
13059717964
17828495479
18283845141
13668315421
15284393774
18781986382
17005113609
17088786514
15708473621
18473894746
18383854983
17010231320
18308412409
18478213447
15984946539
15025152408
18224081083
13408519856
17188184344
18702846470
15979484632
13463046843
15008389694
18281037456
17078289200
13766149450
15873844055
13637469414
17156326137
18308410438
17174472804
18402865093
18478203312
15282860472
15928405379
15844584593
17154040549
18473879625
13473037407
17001115003
18380198414
15183687450
13408620054
13282071654
13550635461
18224089621
18383800460
18227148648
15287130041
18478214633
13438864846
18702819509
18383841244
18482200219
18482069837
13408640520
18473842669
18380646450
18200486671
19831353490
18383844534
18227192487
18782018499
15983844921
15984929247
13419027338
13408518625
15979286294
18783845341
13550624584
13282084643
19831358709
18482390339
13618104470
18328531476
13739677423
18280542046
13472034359
15173847247
18308415774
15104354272
13285704364
15731345017
18773894266
18478218526
15984922040
15874640064
13438860067
15008335490
13438951278
18280567467
13473046461
13894580084
13668300496
13262358054
18773802554
15979498347
18200458878
15087034859
18473844821
17092091192
18728040479
18408254322
18780014330
18473834806
15283869694
17138744768
18402894384
18473800203
15181034514
13282050004
18482295648
17078289317
15883664294
13408500314
13550622514
18728478294
18383845254
15114352047
15338326715
18428377236
15703139439
15243868401
18383844508
18814857195
15973822034
15984935348
13059763884
15297524322
19831347136
15828660649
13157038648
13407388206
13596911348
15708470801
15282884453
18383845450
18244410394
13473026224
13408649564
18283834234
15243890511
15282894475
18782064651
18333410107
13658165254
18281010242
18383858474
18428315683
15884278846
15084285269
15114304779
13894588147
13419291642
15973884041
13438092911
15731342274
18482305016
15297521554
13456835124
13402839352
13105849945
15183687416
15183837224
15911662487
15804354259
17082334836
18224015377
15282887842
15828215542
13408097980
13216294448
18473802435
18473888123
15883687439
18374137821
13458586034
18781047495
15984948464
18458134834
15883423348
15883667344
15114032039
17023823291
13438067992
13408659496
13894547149
18402864092
13184401434
19831345603
13658179447
18224010119
15297332163
18280340230
15084299837
17127206601
17079594739
18224022902
13473030742
13408686057
18482397075
18482362667
18373845048
18773858934
17086908647
18708177007
15363424163
18280349530
18482035939
15183811643
13739642039
18702857621
15243893401
13458571725
18482311753
18473834441
18380647453
15884264776
13550662304
15897384625
18711824743
18478213562
15979477414
18474662805
18473856827
15708457432
13105849738
18308413450
15183823774
13739643589
18728492585
13282080424
13689630492
19831359655
15282898462
13766196497
18482307105
18782282344
18781974544
15007388401
15227417041
15947924942,
18443838910,
18443848740,
13704349874
,15774300174
,18443836760,
15243082764,
15297340906,
18443836962,
15243262453,
18343287584,
15243085754,
13844685524,
15124429373,
15703136496,
18708120557
13739640762
17023570667
18473818509
18773870945
18482292134
18380644873
18843505401
18380647564
15243895448
13550625584
18711846071
13438028880
17009607389
13472026439
15243895843
15834555194
13618109574
13473108460
18383844447
15983847747
18482295729
15731326610
15283869634
13438202928
18458341617
15883428514
15828140124
13438165469
18380199408
17188004159
18473882540
18704354507
18380114575
13116844921
18482118988
18280243317
13282054707
18780075964
17077418352
18283840342
18482354539
15973841318
17002934074
18780026430
13438136548
18482079291
18482322869
13419032396
18283802884
18482186676
13739643734
18227143704
18402890562
18349380455
13408098067
13689665402
13419285855
18473814847
13739672485
15080823004
18404354481
18308416445
18227146647
18308415648
13216273504
15731329816
18728415405
18773887432
18473844151
17081816145
18383830404
18380644946
18227194640
18474692172
15979471404
18482348023
15731325535
18781990434
18328501654
15297518420
15874633314
18780046073
13694359490
18804408804
18281036604
13295705342
18711421394
13472017350
15883632404
13739664202
13628101304
18383808497
15828143843
18380432839
18402816637
18227193124
15884277425
15843514608
15883644278
15243886401
13463045496
17161897923
18711898904
18202847369
13550620439
17077419770
15227490604
18373886924
13216417215
17189233798
18380649647
15143554625
17828497678
13658170453
17093714073
18780054474
15243856672
13419021568
17165142417
13487998629
13550629496
13408047410
18781932587
13408612674
18728044008
15227476954
13157044025
15183890490
15883696470
18473841448
18782055006
15731336032
18383808704
18308415641
15873834936
18473847454
18482071330
18328540890
13739642493
15183865648
13458497224
13282064368
18244410240
13843585446
15084296613
18774450426
15080813604
15979290436
15338445260
15879953943
18349379712
18281047648
13658170364
18308430043
15883694684
18744524461
18482209179
14702852049
18482017697
18780078084
15892486483
15073869854
18349391958
18390589204
15297349412
13472030640
18308431204
13438802881
13438131804
18383862641
18404355804
18482316505
15884293394
15883422745
18411430654