19831353569
18473868605
13116842035
18728498980
13438299109
15883426504
13438330787
13057939470
18482334995
18482033763
18702851128
13157086384
15883695746
13438857419
15208341828
15080848530
18380141437
15982477825
17010236717
18328500504
18444147486
18711896124
15988470344
15197835840
13438086653
13438844351
17089386840
18473837403
17137010159
18482369967
17081033415
13473107421
15282851746
15834554294
15731338367
15943541749
17010673689
18782090029
13157007544
18308419447
13402821187
18374627141
13550606342
18473834429
18383836542
17152207832
15282858470
18200241711
15243812041
18380420884
15073893304
17049169420
18482378475
15297344546
18473820242
13628072874
13943574586
15883661914
19831325446
18428307310
15243884459
15196332849
13473043448
18224010900
18349318447
15284307476
13408058227
15731345743
18428083277
19831353404
19831356823
18702894951
13221724539
17191260472
15984920460
15183684524
18308433493
18482354874
18702815469
13438141027
15731342569
18787492469
18483641947
15944586431
13689657447
15196337644
13473031623
15779467041
15892466143
15731341378
15181017548
14702868562
13696191245
18702846507
15579514720
15243815085
15044589467
13282051348
18874608654
13285702234
13473104254
15243891606
13668309740
15243851601
15073844226
18383862142
18428072092
13438021929
15873846538
13251084817